4.190000000000000000e+02 4.410000000000000000e+02
2.870000000000000000e+02 4.300000000000000000e+02
1.370000000000000000e+02 4.130000000000000000e+02
2.800000000000000000e+02 3.520000000000000000e+02
4.130000000000000000e+02 3.220000000000000000e+02
3.500000000000000000e+01 3.140000000000000000e+02
1.500000000000000000e+02 2.990000000000000000e+02
3.650000000000000000e+02 2.130000000000000000e+02
9.800000000000000000e+01 2.100000000000000000e+02
4.470000000000000000e+02 2.010000000000000000e+02
1.530000000000000000e+02 1.920000000000000000e+02
2.740000000000000000e+02 1.950000000000000000e+02
7.800000000000000000e+01 1.460000000000000000e+02
1.920000000000000000e+02 1.220000000000000000e+02
2.580000000000000000e+02 1.120000000000000000e+02
3.140000000000000000e+02 7.200000000000000000e+01
1.660000000000000000e+02 6.400000000000000000e+01
8.200000000000000000e+01 5.400000000000000000e+01
3.910000000000000000e+02 5.600000000000000000e+01
2.280000000000000000e+02 4.000000000000000000e+01
2.660000000000000000e+02 5.400000000000000000e+01
1.000000000000000000e+02 2.400000000000000000e+01


